imudatarate: 20

initpos: [ 32.116820167, 119.3588958, 57.01]
initvel: [ 0.0, 0.0, 0.0]
initatt: [ 0.5, 0.5, 3.0]

initgyrbias: [ 0, 0, 0]
initaccbias: [ 0, 0, 0.0]
initgyrscale: [ 0, 0, 0]
initaccscale: [ 0, 0, 0.0]

initposstd: [ 0.05, 0.05, 0.05]
initvelstd: [ 0.01, 0.01, 0.02]
initattstd: [ 0.5, 0.5, 1.0]

imunoise:
  arw: [0.012, 0.012, 0.132]          # [deg/sqrt(hr)]
  vrw: [0.038, 0.040, 0.093]          # [m/s/sqrt(hr)]
  gbstd: [0.1, 0.1, 0.411]        # [deg/hr]
  abstd: [12.0, 13.0, 39.0]     # [mGal]
  gsstd: [300.0, 300.0, 300.0]  # [ppm]
  asstd: [300.0, 300.0, 300.0]  # [ppm]
  corrtime: 1.0                    # [hr]

gnssstd: [ 0.0, 0.0, 0.0]

antlever: [ 0.0, 0.067, 0.0]
